uv.lock
  ai_agent 26,490-493,504-534,677-695,697-714,716-718,720,722,727,729-732,734-735,737-767,770,772,777,779,781,820,1073,1081,1083-1087,1721,2085,2105,2107,2147,2153,2155,2188,2220,2222,2553,2575,2581,2584,2586,3022,3044,3047,3049,3100,3165,3170,3172,3210,3232-3233,3238,3240,3262,3286,3288,3310,3332,3334,3336,3411,3442,3444,3563-3564,3685-3688,3705,3711,3715,3760,3766,4357-4358,5155,5168,5170,5175,5187,5189,5201,5209,5211,6744,6768,6770,6775,6845,6866-6920,7188,7196,7198,7227,7254,7257,7259,7264,7269-7389,7409,7415,7419,7421,7445,7471,7473,7614,7616,7618,7982,7984,7986,8911-8914,8916,8923-8952,8955-9021,9464-9467,9498-9542,9642,9668,9670,9675,9680,9682,9907,9918,9920,9962,9964,9966
---
{
  "schema_version": "authorship/3.0.0",
  "git_ai_version": "1.4.4",
  "base_commit_sha": "4d4bd7af0ff109ebdaed7b9bbced2a160382ce85",
  "prompts": {},
  "humans": {
    "h_d9dd17644dded9": {
      "author": "Alex Hall <alex.mojaki@gmail.com>"
    }
  }
}