pyproject.toml
  h_d9dd17644dded9 49-50
uv.lock
  ai_agent 480,487,489,494,501,503,1691,1696,1698,2387,2413,3192,3197,3199,3204,3209,3211,3216,3227,3229,3234,3242,3244,3249,3258,3260,3265,3274,3276,3281,3290,3292,3297,3304,3306,3311,3318,3320,3325,3332,3334,3339,3347,3349,3354,3363,3365,3370,3379,3381,3386,3396,3398,3418,3427,3429,3434,3441,3443,3448,3455,3457,3462,3469,3471,3476,3483,3485,3490,3498,3500,3505,3513,3515,3520,3529,3531,3536,3543,3545,3550,3559,3561,3566,3571,3574,3576,3581,3589,3591,3608,3613,3615,3620,3627,3629,3634,3640,3642,3661,3663,3665,4437,4449,4451,4572,4582,4584,4589,4597,4599,6335,6342-6446
---
{
  "schema_version": "authorship/3.0.0",
  "git_ai_version": "1.5.2",
  "base_commit_sha": "cc1613ae92ed2d102fbe46c27b2d8e3f9e4dadb8",
  "prompts": {},
  "humans": {
    "h_d9dd17644dded9": {
      "author": "Alex Hall <alex.mojaki@gmail.com>"
    }
  }
}