uv.lock
  ai_agent 65-66,263,276,278,343-380,734,755,759,761,784,807,809,811,859,1112,1120,1122-1126,1355,1375-1481,1491,1497-1546,1605,1618,1620,1625,1646,1648,1700,1718,1732,1734,1741,1743,1760,2151,2158,2160,2188-2191,2193-2194,2201-2231,2247,2262,2285,2294,2296,2301,2306,2308,2533-2560,2627,2658,2660,2705,2707,2709,2930,2932,2934,3073,3081,3089,3091,3096,3117,3121,3123,3128,3144,3146,3151,3174,3182,3184,3196,3228,3254,3270,3305,3308,3326,3357,3374,3405,3432,3454,3456,3458,3485,3507,3516,3518,3523-3615,3620,3640,3642,3693,3716,3767,3769,3774,3778-3779,3786,3791-3792,3801,3809,3811,3837,3847,4244,4262,4264,4839,4860,4867-4911,5240,5253,5255,5260,5272,5274,5286,5294,5296,5323,5352,5354,5381,5410,5412,6006,6026-6100,6468,6488,6490,6612-6615,6741-6886,7462,7489,7492,7494,7644,7650,7654,7656,7680,7706,7708,7713,7720,7722,8109,8117,8119,8164,8166,8168,8574,8594-8708,8756,9181,9432,9438,9440,9617,9631,9756,9910,9913,9915,9917,9977,9997,9999,10004-10125,10239,10250,10252,10754,10914
---
{
  "schema_version": "authorship/3.0.0",
  "git_ai_version": "1.4.8",
  "base_commit_sha": "0ddea7fcdcf906578bd2ab527a03878dc7de022b",
  "prompts": {},
  "humans": {
    "h_d9dd17644dded9": {
      "author": "Alex Hall <alex.mojaki@gmail.com>"
    }
  }
}