uv.lock
  ai_agent 42,44,46,226,238,240,480,487,489,494,501,503,508,510,512,743,751,753-757,762,767,769,1192,1201,1203,1467,1481,1483,1500-1581,1673,1686,1688,1702,1704,1706,1988,1995,1997,2014,2024,2026,2031,2037,2039,2057,2063,2065,2175,2191,2193,3107,3119,3121,3152,3160,3162,3203,3205,3207,3212,3217,3219,3224,3229,3231,3236,3247,3249,3254,3262,3264,3269,3278,3280,3285,3294,3296,3301,3310,3312,3317,3324,3326,3331,3338,3340,3345,3352,3354,3359,3367,3369,3374,3383,3385,3390,3399,3401,3406,3416,3418,3438,3447,3449,3454,3461,3463,3468,3475,3477,3482,3489,3491,3496,3503,3505,3510,3518,3520,3525,3533,3535,3540,3549,3551,3556,3563,3565,3570,3579,3581,3586,3594,3596,3601,3609,3611,3628,3633,3635,3640,3647,3649,3654,3660,3662,3681,3683,3685,4457,4469,4471,4592,4602,4604,4609,4617,4619,4647,4652,4654,5364-5384,5437,5443-5487,5528,5534,5536,5957,5964,5966,6107,6109-6188
---
{
  "schema_version": "authorship/3.0.0",
  "git_ai_version": "1.5.2",
  "base_commit_sha": "4f43ba55f1e9ed2e13d79a84562301fe6f44e1f7",
  "prompts": {},
  "humans": {
    "h_d9dd17644dded9": {
      "author": "Alex Hall <alex.mojaki@gmail.com>"
    }
  }
}